73,102,95
81,102,96
71,102,95
72,115,93
73,100,95
71,102,95
71,102,93
73,102,95
73,100,96
71,102,93
72,102,95
73,102,96
72,102,96
69,104,95
72,102,95
73,100,96
71,102,95
72,102,93
73,100,95
72,102,103
69,102,93
72,102,95
73,100,96
71,102,95
75,104,93
73,102,95
81,102,96
69,102,95
72,108,93
73,102,96
71,100,95
71,104,95
73,102,95
73,100,96
71,102,95
71,104,93
73,102,95
72,100,96
71,102,95
72,102,93
73,100,96
72,102,95
69,104,93
73,102,95
72,100,96
71,102,93
72,102,93
73,100,95
72,102,95
71,102,93
72,102,93
