108
73,104,96
73,104,95
75,102,96
75,102,98
72,104,96
73,104,95
75,102,96
75,102,98
72,104,103
73,104,96
75,102,98
73,102,96
72,104,95
75,102,96
75,102,98
72,102,96
72,104,95
75,102,96
73,102,98
72,104,106
73,102,95
75,102,98
73,102,98
72,104,95
75,104,96
75,102,98
72,104,96
73,104,95
76,102,96
75,102,96
72,104,95
75,102,95
75,102,98
73,104,96
72,104,95
75,102,96
75,102,96
72,104,95
73,104,95
75,102,98
73,102,98
72,104,95
79,102,96
75,102,98
72,104,96
73,104,96
81,102,98
73,102,96
73,104,105
75,102,106
