123
104,122,121
104,122,121
104,122,121
104,122,121
104,122,121
105,122,121
105,122,123
104,122,121
104,122,121
104,122,121
104,122,121
105,122,123
105,122,121
104,126,121
104,122,121
104,122,121
105,122,121
104,122,123
104,122,121
105,122,121
105,122,121
104,122,121
104,122,121
105,122,123
104,122,121
105,122,121
105,122,123
104,122,123
105,122,121
104,122,121
105,120,121
104,122,123
105,122,123
104,122,121
104,122,123
104,122,121
105,122,121
105,122,123
105,122,121
104,122,121
104,122,123
104,122,121
104,122,121
104,122,121
104,122,121
105,122,121
105,122,121
104,133,121
104,122,123
104,122,121
