115
97,115,115
95,117,115
97,115,115
97,115,115
102,117,115
95,117,115
95,115,115
97,115,115
95,117,115
95,115,115
95,117,115
95,115,115
95,115,115
95,117,115
95,117,115
95,115,125
95,115,115
100,115,115
97,117,116
95,115,115
97,115,115
95,117,115
97,115,115
97,117,115
95,117,115
95,115,115
97,115,115
95,115,115
95,117,115
95,115,115
97,115,115
97,115,115
97,117,115
97,115,115
97,115,115
97,115,115
95,117,115
95,115,115
97,117,115
95,115,115
95,115,115
95,117,115
95,117,115
95,117,115
95,117,115
95,115,115
97,115,115
105,115,115
95,117,115
97,115,115
