89,111,110
89,113,110
88,113,108
89,113,110
89,113,110
89,113,110
88,113,108
89,124,110
89,111,110
89,113,115
97,113,108
89,113,110
89,111,110
88,113,110
89,113,110
89,111,110
89,113,110
88,113,110
89,113,110
91,113,110
89,111,110
88,113,110
89,111,108
89,111,110
89,111,110
88,113,110
89,113,110
89,111,110
88,111,110
88,113,108
89,113,110
89,124,110
88,111,110
89,113,110
89,113,110
89,113,110
88,113,110
89,113,110
89,113,110
88,113,110
88,113,110
89,113,110
89,111,110
88,113,110
88,113,108
89,113,110
89,113,110
88,113,108
88,113,108
89,111,110
89,111,110
