111,108
86,111,106
88,111,108
88,111,108
86,111,108
89,113,108
88,111,108
86,115,108
86,113,106
86,111,108
88,111,108
86,111,108
86,113,106
88,111,108
88,111,108
88,111,108
86,111,108
86,111,108
88,111,108
86,111,108
86,113,106
88,111,106
88,111,108
86,111,108
86,111,106
88,111,106
86,111,108
86,111,108
86,111,113
86,111,108
86,108,108
86,111,108
86,111,108
86,111,108
88,111,108
86,113,106
86,113,106
88,111,108
86,115,108
86,113,108
86,111,108
94,111,108
86,111,108
86,111,106
88,111,108
88,111,108
86,111,108
86,111,116
88,111,108
88,111,108
86,117,106
