84,111,106
85,111,106
85,108,106
85,108,106
84,111,106
85,111,115
85,111,106
94,108,106
84,111,106
85,108,106
85,108,106
84,111,106
84,111,106
86,111,106
85,108,106
84,111,106
94,111,105
86,108,106
85,108,106
85,111,105
85,111,105
85,108,106
84,108,106
84,111,115
85,108,105
86,108,106
84,111,106
84,111,106
85,111,106
85,108,106
84,111,106
85,111,105
85,111,106
85,108,106
84,111,105
85,111,106
85,108,106
85,111,106
84,111,115
85,111,106
85,111,106
85,108,106
84,111,105
85,108,106
85,108,106
85,111,106
84,111,105
85,111,106
85,108,116
84,111,106
85,111,105
