102,120,120
102,120,120
102,120,120
102,120,120
102,120,120
102,120,120
102,120,120
102,120,120
102,120,120
102,120,120
101,120,120
102,120,120
102,120,120
102,120,120
102,120,120
102,120,120
102,120,120
102,120,120
102,120,120
102,120,120
102,120,120
101,120,120
102,120,120
102,120,120
110,120,120
102,120,120
102,120,120
102,120,120
101,120,120
102,120,120
102,120,120
102,120,120
102,120,120
102,120,120
102,120,120
101,120,120
102,120,120
102,120,120
102,120,120
107,120,120
101,120,120
102,120,120
102,120,120
102,120,120
102,120,120
102,120,120
102,120,120
101,120,120
102,120,120
102,120,120
102,120,120
