98,117,118
98,117,116
98,117,118
98,117,118
98,117,116
98,117,118
98,117,118
98,117,116
100,117,116
100,117,116
98,117,116
98,117,116
98,117,118
98,117,118
98,117,121
98,117,116
98,117,116
98,117,118
98,117,118
100,117,116
100,117,116
98,117,116
98,117,116
108,117,116
98,117,116
98,117,118
100,117,116
100,117,116
98,117,118
98,117,116
98,117,116
100,117,118
98,117,118
98,117,116
98,117,118
98,117,118
98,117,116
98,117,116
102,117,118
98,117,116
98,117,116
98,117,116
98,117,116
98,117,116
100,117,116
98,117,118
98,117,118
98,117,116
100,117,118
98,117,116
98,117,116
