117,115
95,117,113
95,115,123
94,115,115
100,115,113
94,115,113
95,115,115
95,117,115
94,115,115
95,115,123
95,115,115
94,115,115
94,115,113
94,115,113
95,115,115
94,115,113
94,115,113
94,115,115
95,115,115
95,115,113
94,117,113
94,115,113
94,115,113
94,115,115
95,115,113
95,115,113
94,115,113
94,115,113
94,115,113
94,115,113
94,115,115
94,115,113
95,115,113
95,115,115
94,115,115
94,115,113
94,115,113
95,115,115
95,115,113
94,115,113
94,115,123
95,115,115
94,115,115
94,115,113
94,115,113
95,115,113
94,122,113
94,115,113
95,115,113
95,115,115
94,115,113
