104,120,121
102,120,121
104,120,121
104,120,121
104,120,121
104,120,121
102,122,121
104,120,121
104,126,121
104,122,121
102,120,120
104,120,121
104,122,121
102,120,121
104,122,121
104,122,121
104,122,121
104,122,121
102,120,121
102,122,121
102,122,120
104,120,121
104,122,121
104,120,121
104,120,121
102,120,121
104,120,121
104,122,121
104,122,121
104,122,120
104,120,121
104,122,121
104,122,121
104,120,121
104,122,121
104,120,121
102,122,121
104,133,121
104,120,121
104,122,120
102,120,121
104,122,121
102,120,121
104,122,121
104,122,121
102,122,121
104,120,121
104,120,121
104,120,121
104,120,121
104,122,121
