78,106,101
81,104,101
81,106,103
78,106,101
78,106,100
81,106,101
79,106,101
78,106,101
79,106,100
79,106,103
78,106,101
78,106,100
79,106,101
81,104,103
78,106,111
78,108,101
79,106,100
79,104,103
78,106,101
78,106,101
88,106,100
81,104,103
79,106,101
79,106,100
89,106,101
79,106,103
78,106,101
79,108,101
81,106,101
81,104,101
78,108,101
79,106,100
81,106,103
79,106,103
78,108,101
78,106,100
81,106,101
79,106,101
78,106,100
79,106,100
81,106,106
79,106,101
78,106,100
79,106,100
89,106,101
79,106,101
78,108,100
79,106,100
81,106,101
79,106,101
78,108,100
