81,108,103
82,108,103
82,106,103
81,108,103
86,108,101
82,108,103
82,106,103
79,108,103
81,108,101
82,106,103
81,106,103
81,108,103
81,108,101
85,106,103
81,106,103
79,108,103
81,108,101
82,106,103
81,106,103
79,108,103
81,108,101
82,106,103
81,106,103
79,108,103
81,108,101
82,106,103
84,106,105
79,108,103
81,108,108
82,106,103
81,106,103
81,108,103
81,108,101
82,106,103
89,108,105
79,108,101
81,108,101
82,106,103
82,106,105
79,108,103
81,108,101
82,106,103
81,106,105
81,108,103
81,106,101
82,106,103
81,106,103
81,108,103
79,108,101
82,106,103
82,106,103
