98,117,116
97,117,116
97,117,116
98,117,115
98,117,116
97,117,115
97,117,116
98,117,116
98,117,116
97,117,116
97,117,116
98,117,116
97,117,116
97,117,116
98,115,116
97,117,116
98,117,116
97,117,116
98,122,115
98,115,116
97,117,116
97,117,115
98,117,116
97,117,116
97,117,116
97,117,116
97,117,116
97,117,116
97,117,116
98,115,116
98,117,116
97,117,116
97,117,115
100,115,116
98,117,116
97,117,115
97,117,115
97,117,116
97,117,116
97,117,115
97,117,116
97,117,116
97,117,116
97,115,115
98,115,116
97,117,116
97,117,116
97,117,116
98,115,116
97,115,116
97,117,115
