108,117,118
100,117,118
100,120,118
100,117,118
100,117,118
100,117,118
100,120,118
100,120,118
100,117,118
100,117,118
100,120,118
101,120,118
100,117,118
100,120,118
100,117,118
104,120,118
100,120,118
100,120,118
100,117,118
100,120,118
100,122,118
100,117,118
100,117,118
100,117,118
100,122,118
100,117,118
100,117,118
100,120,118
100,117,118
100,120,118
100,120,118
100,120,118
100,117,118
100,120,118
100,120,118
100,120,118
100,120,118
100,117,118
100,120,118
101,120,118
100,126,118
100,117,120
100,117,116
100,117,118
100,117,118
100,117,126
100,117,118
100,117,118
100,120,118
100,120,118
101,117,121
