113
92,115,113
92,115,121
92,115,113
92,113,113
92,115,111
94,115,111
94,113,113
92,115,113
92,115,111
92,115,113
92,115,113
92,115,113
92,115,111
94,115,113
92,113,113
92,113,111
92,113,111
92,113,111
92,113,113
92,115,113
94,117,111
92,113,113
92,115,111
92,115,113
92,113,111
94,113,113
92,113,111
92,113,123
92,113,113
92,115,113
92,115,111
92,113,111
94,115,113
92,113,113
92,115,111
94,115,111
94,115,113
92,115,111
92,115,111
92,115,113
92,113,111
92,113,113
92,115,111
92,113,113
92,115,113
92,115,111
94,113,113
92,115,113
92,113,111
92,115,111
