108,106
82,111,105
84,108,103
84,108,105
84,108,106
82,111,105
84,111,105
84,108,105
84,108,105
82,111,105
92,111,105
85,108,105
82,108,105
82,111,105
84,108,105
84,108,106
82,108,105
82,108,110
85,108,105
85,108,106
82,108,105
82,108,103
84,108,105
84,108,105
82,108,105
82,111,103
84,108,105
84,108,105
91,108,105
82,108,103
84,108,105
84,108,115
88,111,105
82,122,103
84,108,110
84,108,105
82,108,103
84,111,103
84,108,105
84,108,105
82,111,105
84,111,105
84,108,105
84,108,106
82,108,105
82,108,103
84,108,105
84,108,106
82,111,105
84,108,103
84,108,105
